                precision    recall  f1-score   support

    Автомобиль       0.90      0.95      0.93        20
     Аудитория       1.00      0.75      0.86        20
Взаимодействие       0.90      0.90      0.90        20
         Вклад       0.82      0.70      0.76        20
         Океан       0.61      0.85      0.71        20
          Офис       0.62      0.75      0.68        20
        Привет       0.67      0.30      0.41        20
       Процент       0.65      1.00      0.78        20
         Ручка       0.79      0.55      0.65        20
        Ставка       0.90      0.95      0.93        20

      accuracy                           0.77       200
     macro avg       0.79      0.77      0.76       200
  weighted avg       0.79      0.77      0.76       200 
